100
55
144
12
377
7339
3932
6165
9271
45
18
9069
71
6569
8120
3269
520
9122
83
4831
7101
5810
27
9911
5
1700
5096
9171
21
9855
3
775
9644
41
688
9655
66
490
9284
61
319
7366
2595
299
3456
3513
384
9344
21
197
443
4
599
6086
5530
2771
9899
14
14
9885
6
914
1074
8330
939
9529
83
337
7043
6371
829
9498
14
444
9367
68
8415
8415
8415
330
9011
27
3769
4649
8663
217
9651
14
547
9489
83
1167
4448
7139
578
9315
22
1897
4648
5085
1
325
25
2427
8356
7839
415
9194
9
6065
7247
5653
4961
7713
1889
2177
3737
7
724
9245
70
4302
7066
3318
777
9403
3
267
9609
70
29
9951
10
264
308
49
126
9248
24
513
9609
34
823
9888
85
478
9497
54
940
9251
73
4211
9516
78
20
468
56
4125
4125
4125
216
9349
40
1021
3007
1522
2002
7482
87
809
9045
13
2
9925
1
3627
5431
8934
168
491
28
2145
6270
55
61
5319
3724
19
9920
9
2824
5640
831
1881
2119
20
631
9402
90
69
9277
27
935
9714
89
1931
2695
1127
374
9812
21
3879
8601
5627
874
9190
29
1883
4554
1248
6789
9812
9455
80
9591
63
266
9619
65
942
9336
12
11
9899
4
1
9852
8
364
9286
11
397
8063
4816
2871
6789
765
723
9868
64
133
375
70
153
9390
97
4258
9163
253
7354
7614
6990
987
9385
4
673
9912
54
2653
4915
26
187
461
41
3
9928
7
206
9197
15
32
9953
2
4533
5725
3873
1895
7775
24
35
9089
30
149
9763
48
1066
7905
9981
4613
4613
4613
